(kicad_pcb (version 20171130) (host pcbnew 5.1.5+dfsg1-2build2)

  (general
    (thickness 1.6)
    (drawings 7)
    (tracks 1385)
    (zones 0)
    (modules 146)
    (nets 99)
  )

  (page A4)
  (layers
    (0 F.Cu signal)
    (31 B.Cu signal)
    (32 B.Adhes user)
    (33 F.Adhes user)
    (34 B.Paste user)
    (35 F.Paste user)
    (36 B.SilkS user)
    (37 F.SilkS user)
    (38 B.Mask user)
    (39 F.Mask user)
    (40 Dwgs.User user)
    (41 Cmts.User user)
    (42 Eco1.User user)
    (43 Eco2.User user)
    (44 Edge.Cuts user)
    (45 Margin user)
    (46 B.CrtYd user)
    (47 F.CrtYd user)
    (48 B.Fab user hide)
    (49 F.Fab user hide)
  )

  (setup
    (last_trace_width 0.25)
    (user_trace_width 0.4)
    (user_trace_width 0.5)
    (user_trace_width 0.6)
    (user_trace_width 2)
    (user_trace_width 3)
    (user_trace_width 5)
    (trace_clearance 0.2)
    (zone_clearance 0.508)
    (zone_45_only no)
    (trace_min 0.2)
    (via_size 0.8)
    (via_drill 0.4)
    (via_min_size 0.4)
    (via_min_drill 0.3)
    (user_via 0.6 0.35)
    (uvia_size 0.3)
    (uvia_drill 0.1)
    (uvias_allowed no)
    (uvia_min_size 0.2)
    (uvia_min_drill 0.1)
    (edge_width 0.05)
    (segment_width 0.2)
    (pcb_text_width 0.3)
    (pcb_text_size 1.5 1.5)
    (mod_edge_width 0.12)
    (mod_text_size 1 1)
    (mod_text_width 0.15)
    (pad_size 1.524 1.524)
    (pad_drill 0.762)
    (pad_to_mask_clearance 0.051)
    (solder_mask_min_width 0.25)
    (aux_axis_origin 0 0)
    (grid_origin 130.725 159.175)
    (visible_elements FFFFFF7F)
    (pcbplotparams
      (layerselection 0x010fc_ffffffff)
      (usegerberextensions false)
      (usegerberattributes false)
      (usegerberadvancedattributes false)
      (creategerberjobfile false)
      (excludeedgelayer true)
      (linewidth 0.100000)
      (plotframeref false)
      (viasonmask false)
      (mode 1)
      (useauxorigin false)
      (hpglpennumber 1)
      (hpglpenspeed 20)
      (hpglpendiameter 15.000000)
      (psnegative false)
      (psa4output false)
      (plotreference true)
      (plotvalue true)
      (plotinvisibletext false)
      (padsonsilk false)
      (subtractmaskfromsilk false)
      (outputformat 1)
      (mirror false)
      (drillshape 1)
      (scaleselection 1)
      (outputdirectory ""))
  )

  (net 0 "")
  (net 1 GND)
  (net 2 VCC)
  (net 3 "Net-(C5-Pad1)")
  (net 4 +5V)
  (net 5 "Net-(C8-Pad2)")
  (net 6 "Net-(C9-Pad1)")
  (net 7 "Net-(C9-Pad2)")
  (net 8 "Net-(C11-Pad1)")
  (net 9 "Net-(D13-Pad1)")
  (net 10 "Net-(D14-Pad1)")
  (net 11 "Net-(D14-Pad2)")
  (net 12 "Net-(D15-Pad2)")
  (net 13 "Net-(D15-Pad1)")
  (net 14 MISO)
  (net 15 SCK)
  (net 16 MOSI)
  (net 17 RESET)
  (net 18 PHASEC)
  (net 19 PHASEB)
  (net 20 PHASEA)
  (net 21 "Net-(J5-Pad2)")
  (net 22 "Net-(J5-Pad3)")
  (net 23 CH)
  (net 24 AH)
  (net 25 BH)
  (net 26 CL)
  (net 27 AL)
  (net 28 BL)
  (net 29 -2V5)
  (net 30 +2V5)
  (net 31 CHS)
  (net 32 CLS)
  (net 33 AHS)
  (net 34 ALS)
  (net 35 BHS)
  (net 36 BLS)
  (net 37 "Net-(R62-Pad1)")
  (net 38 "Net-(R67-Pad1)")
  (net 39 "Net-(R69-Pad1)")
  (net 40 "Net-(R72-Pad1)")
  (net 41 RX)
  (net 42 TX)
  (net 43 "Net-(DA3-Pad2)")
  (net 44 "Net-(DA4-Pad1)")
  (net 45 "Net-(QA1-Pad1)")
  (net 46 "Net-(QA2-Pad1)")
  (net 47 "Net-(RA3-Pad2)")
  (net 48 "Net-(RA4-Pad2)")
  (net 49 "Net-(RA10-Pad1)")
  (net 50 "Net-(RA11-Pad1)")
  (net 51 "Net-(RA9-Pad2)")
  (net 52 "Net-(RA10-Pad2)")
  (net 53 "Net-(RA11-Pad2)")
  (net 54 "Net-(RA12-Pad2)")
  (net 55 "Net-(RA13-Pad1)")
  (net 56 "Net-(RA14-Pad1)")
  (net 57 "Net-(UA4-Pad8)")
  (net 58 "Net-(UA4-Pad1)")
  (net 59 +5VD)
  (net 60 VDD)
  (net 61 "Net-(D1-Pad1)")
  (net 62 "Net-(DB3-Pad2)")
  (net 63 "Net-(DB4-Pad1)")
  (net 64 "Net-(J1-Pad1)")
  (net 65 "Net-(J2-Pad3)")
  (net 66 "Net-(Q1-Pad1)")
  (net 67 "Net-(Q1-Pad3)")
  (net 68 "Net-(QB1-Pad1)")
  (net 69 "Net-(QB2-Pad1)")
  (net 70 "Net-(RB3-Pad2)")
  (net 71 "Net-(RB4-Pad2)")
  (net 72 "Net-(RB10-Pad1)")
  (net 73 "Net-(RB11-Pad1)")
  (net 74 "Net-(RB9-Pad2)")
  (net 75 "Net-(RB10-Pad2)")
  (net 76 "Net-(RB11-Pad2)")
  (net 77 "Net-(RB12-Pad2)")
  (net 78 "Net-(RB13-Pad1)")
  (net 79 "Net-(RB14-Pad1)")
  (net 80 "Net-(UB4-Pad1)")
  (net 81 "Net-(UB4-Pad8)")
  (net 82 "Net-(DC3-Pad2)")
  (net 83 "Net-(DC4-Pad1)")
  (net 84 "Net-(QC1-Pad1)")
  (net 85 "Net-(QC2-Pad1)")
  (net 86 "Net-(RC3-Pad2)")
  (net 87 "Net-(RC4-Pad2)")
  (net 88 "Net-(RC10-Pad1)")
  (net 89 "Net-(RC11-Pad1)")
  (net 90 "Net-(RC9-Pad2)")
  (net 91 "Net-(RC10-Pad2)")
  (net 92 "Net-(RC11-Pad2)")
  (net 93 "Net-(RC12-Pad2)")
  (net 94 "Net-(RC13-Pad1)")
  (net 95 "Net-(RC14-Pad1)")
  (net 96 "Net-(UC4-Pad1)")
  (net 97 "Net-(UC4-Pad8)")
  (net 98 "Net-(J6-Pad1)")

  (net_class Default "This is the default net class."
    (clearance 0.2)
    (trace_width 0.25)
    (via_dia 0.8)
    (via_drill 0.4)
    (uvia_dia 0.3)
    (uvia_drill 0.1)
    (add_net +2V5)
    (add_net +5V)
    (add_net +5VD)
    (add_net -2V5)
    (add_net AH)
    (add_net AHS)
    (add_net AL)
    (add_net ALS)
    (add_net BH)
    (add_net BHS)
    (add_net BL)
    (add_net BLS)
    (add_net CH)
    (add_net CHS)
    (add_net CL)
    (add_net CLS)
    (add_net GND)
    (add_net MISO)
    (add_net MOSI)
    (add_net "Net-(C11-Pad1)")
    (add_net "Net-(C5-Pad1)")
    (add_net "Net-(C8-Pad2)")
    (add_net "Net-(C9-Pad1)")
    (add_net "Net-(C9-Pad2)")
    (add_net "Net-(D1-Pad1)")
    (add_net "Net-(D13-Pad1)")
    (add_net "Net-(D14-Pad1)")
    (add_net "Net-(D14-Pad2)")
    (add_net "Net-(D15-Pad1)")
    (add_net "Net-(D15-Pad2)")
    (add_net "Net-(DA3-Pad2)")
    (add_net "Net-(DA4-Pad1)")
    (add_net "Net-(DB3-Pad2)")
    (add_net "Net-(DB4-Pad1)")
    (add_net "Net-(DC3-Pad2)")
    (add_net "Net-(DC4-Pad1)")
    (add_net "Net-(J1-Pad1)")
    (add_net "Net-(J2-Pad3)")
    (add_net "Net-(J5-Pad2)")
    (add_net "Net-(J5-Pad3)")
    (add_net "Net-(J6-Pad1)")
    (add_net "Net-(Q1-Pad1)")
    (add_net "Net-(Q1-Pad3)")
    (add_net "Net-(QA1-Pad1)")
    (add_net "Net-(QA2-Pad1)")
    (add_net "Net-(QB1-Pad1)")
    (add_net "Net-(QB2-Pad1)")
    (add_net "Net-(QC1-Pad1)")
    (add_net "Net-(QC2-Pad1)")
    (add_net "Net-(R62-Pad1)")
    (add_net "Net-(R67-Pad1)")
    (add_net "Net-(R69-Pad1)")
    (add_net "Net-(R72-Pad1)")
    (add_net "Net-(RA10-Pad1)")
    (add_net "Net-(RA10-Pad2)")
    (add_net "Net-(RA11-Pad1)")
    (add_net "Net-(RA11-Pad2)")
    (add_net "Net-(RA12-Pad2)")
    (add_net "Net-(RA13-Pad1)")
    (add_net "Net-(RA14-Pad1)")
    (add_net "Net-(RA3-Pad2)")
    (add_net "Net-(RA4-Pad2)")
    (add_net "Net-(RA9-Pad2)")
    (add_net "Net-(RB10-Pad1)")
    (add_net "Net-(RB10-Pad2)")
    (add_net "Net-(RB11-Pad1)")
    (add_net "Net-(RB11-Pad2)")
    (add_net "Net-(RB12-Pad2)")
    (add_net "Net-(RB13-Pad1)")
    (add_net "Net-(RB14-Pad1)")
    (add_net "Net-(RB3-Pad2)")
    (add_net "Net-(RB4-Pad2)")
    (add_net "Net-(RB9-Pad2)")
    (add_net "Net-(RC10-Pad1)")
    (add_net "Net-(RC10-Pad2)")
    (add_net "Net-(RC11-Pad1)")
    (add_net "Net-(RC11-Pad2)")
    (add_net "Net-(RC12-Pad2)")
    (add_net "Net-(RC13-Pad1)")
    (add_net "Net-(RC14-Pad1)")
    (add_net "Net-(RC3-Pad2)")
    (add_net "Net-(RC4-Pad2)")
    (add_net "Net-(RC9-Pad2)")
    (add_net "Net-(UA4-Pad1)")
    (add_net "Net-(UA4-Pad8)")
    (add_net "Net-(UB4-Pad1)")
    (add_net "Net-(UB4-Pad8)")
    (add_net "Net-(UC4-Pad1)")
    (add_net "Net-(UC4-Pad8)")
    (add_net PHASEA)
    (add_net PHASEB)
    (add_net PHASEC)
    (add_net RESET)
    (add_net RX)
    (add_net SCK)
    (add_net TX)
    (add_net VCC)
    (add_net VDD)
  )

  (module Package_SO:SOIC-8_3.9x4.9mm_P1.27mm (layer F.Cu) (tedit 5D9F72B1) (tstamp 5FC174A8)
    (at 170.687 63.599 270)
    (descr "SOIC, 8 Pin (JEDEC MS-012AA, https://www.analog.com/media/en/package-pcb-resources/package/pkg_pdf/soic_narrow-r/r_8.pdf), generated with kicad-footprint-generator ipc_gullwing_generator.py")
    (tags "SOIC SO")
    (path /5FF14722)
    (attr smd)
    (fp_text reference UA1 (at 0.297 -0.133 90) (layer F.SilkS)
      (effects (font (size 1 1) (thickness 0.15)))
    )
    (fp_text value LM393 (at 0 3.4 90) (layer F.Fab)
      (effects (font (size 1 1) (thickness 0.15)))
    )
    (fp_text user %R (at 0 0 90) (layer F.Fab)
      (effects (font (size 0.98 0.98) (thickness 0.15)))
    )
    (fp_line (start 3.7 -2.7) (end -3.7 -2.7) (layer F.CrtYd) (width 0.05))
    (fp_line (start 3.7 2.7) (end 3.7 -2.7) (layer F.CrtYd) (width 0.05))
    (fp_line (start -3.7 2.7) (end 3.7 2.7) (layer F.CrtYd) (width 0.05))
    (fp_line (start -3.7 -2.7) (end -3.7 2.7) (layer F.CrtYd) (width 0.05))
    (fp_line (start -1.95 -1.475) (end -0.975 -2.45) (layer F.Fab) (width 0.1))
    (fp_line (start -1.95 2.45) (end -1.95 -1.475) (layer F.Fab) (width 0.1))
    (fp_line (start 1.95 2.45) (end -1.95 2.45) (layer F.Fab) (width 0.1))
    (fp_line (start 1.95 -2.45) (end 1.95 2.45) (layer F.Fab) (width 0.1))
    (fp_line (start -0.975 -2.45) (end 1.95 -2.45) (layer F.Fab) (width 0.1))
    (fp_line (start 0 -2.56) (end -3.45 -2.56) (layer F.SilkS) (width 0.12))
    (fp_line (start 0 -2.56) (end 1.95 -2.56) (layer F.SilkS) (width 0.12))
    (fp_line (start 0 2.56) (end -1.95 2.56) (layer F.SilkS) (width 0.12))
    (fp_line (start 0 2.56) (end 1.95 2.56) (layer F.SilkS) (width 0.12))
    (pad 8 smd roundrect (at 2.475 -1.905 270) (size 1.95 0.6) (layers F.Cu F.Paste F.Mask) (roundrect_rratio 0.25)
      (net 60 VDD))
    (pad 7 smd roundrect (at 2.475 -0.635 270) (size 1.95 0.6) (layers F.Cu F.Paste F.Mask) (roundrect_rratio 0.25)
      (net 55 "Net-(RA13-Pad1)"))
    (pad 6 smd roundrect (at 2.475 0.635 270) (size 1.95 0.6) (layers F.Cu F.Paste F.Mask) (roundrect_rratio 0.25)
      (net 53 "Net-(RA11-Pad2)"))
    (pad 5 smd roundrect (at 2.475 1.905 270) (size 1.95 0.6) (layers F.Cu F.Paste F.Mask) (roundrect_rratio 0.25)
      (net 54 "Net-(RA12-Pad2)"))
    (pad 4 smd roundrect (at -2.475 1.905 270) (size 1.95 0.6) (layers F.Cu F.Paste F.Mask) (roundrect_rratio 0.25)
      (net 1 GND))
    (pad 3 smd roundrect (at -2.475 0.635 270) (size 1.95 0.6) (layers F.Cu F.Paste F.Mask) (roundrect_rratio 0.25)
      (net 52 "Net-(RA10-Pad2)"))
    (pad 2 smd roundrect (at -2.475 -0.635 270) (size 1.95 0.6) (layers F.Cu F.Paste F.Mask) (roundrect_rratio 0.25)
      (net 51 "Net-(RA9-Pad2)"))
    (pad 1 smd roundrect (at -2.475 -1.905 270) (size 1.95 0.6) (layers F.Cu F.Paste F.Mask) (roundrect_rratio 0.25)
      (net 56 "Net-(RA14-Pad1)"))
    (model ${KISYS3DMOD}/Package_SO.3dshapes/SOIC-8_3.9x4.9mm_P1.27mm.wrl
      (at (xyz 0 0 0))
      (scale (xyz 1 1 1))
      (rotate (xyz 0 0 0))
    )
  )

  (module Package_TO_SOT_THT:TO-220-3_Vertical (layer F.Cu) (tedit 5AC8BA0D) (tstamp 5FC170C4)
    (at 131.218 68.494)
    (descr "TO-220-3, Vertical, RM 2.54mm, see https://www.vishay.com/docs/66542/to-220-1.pdf")
    (tags "TO-220-3 Vertical RM 2.54mm")
    (path /60204991)
    (fp_text reference QA2 (at -0.935 -2.625) (layer F.SilkS)
      (effects (font (size 1 1) (thickness 0.15)))
    )
    (fp_text value nFET (at 2.54 2.5) (layer F.Fab)
      (effects (font (size 1 1) (thickness 0.15)))
    )
    (fp_text user %R (at 2.54 -4.27) (layer F.Fab)
      (effects (font (size 1 1) (thickness 0.15)))
    )
    (fp_line (start 7.79 -3.4) (end -2.71 -3.4) (layer F.CrtYd) (width 0.05))
    (fp_line (start 7.79 1.51) (end 7.79 -3.4) (layer F.CrtYd) (width 0.05))
    (fp_line (start -2.71 1.51) (end 7.79 1.51) (layer F.CrtYd) (width 0.05))
    (fp_line (start -2.71 -3.4) (end -2.71 1.51) (layer F.CrtYd) (width 0.05))
    (fp_line (start 4.391 -3.27) (end 4.391 -1.76) (layer F.SilkS) (width 0.12))
    (fp_line (start 0.69 -3.27) (end 0.69 -1.76) (layer F.SilkS) (width 0.12))
    (fp_line (start -2.58 -1.76) (end 7.66 -1.76) (layer F.SilkS) (width 0.12))
    (fp_line (start 7.66 -3.27) (end 7.66 1.371) (layer F.SilkS) (width 0.12))
    (fp_line (start -2.58 -3.27) (end -2.58 1.371) (layer F.SilkS) (width 0.12))
    (fp_line (start -2.58 1.371) (end 7.66 1.371) (layer F.SilkS) (width 0.12))
    (fp_line (start -2.58 -3.27) (end 7.66 -3.27) (layer F.SilkS) (width 0.12))
    (fp_line (start 4.39 -3.15) (end 4.39 -1.88) (layer F.Fab) (width 0.1))
    (fp_line (start 0.69 -3.15) (end 0.69 -1.88) (layer F.Fab) (width 0.1))
    (fp_line (start -2.46 -1.88) (end 7.54 -1.88) (layer F.Fab) (width 0.1))
    (fp_line (start 7.54 -3.15) (end -2.46 -3.15) (layer F.Fab) (width 0.1))
    (fp_line (start 7.54 1.25) (end 7.54 -3.15) (layer F.Fab) (width 0.1))
    (fp_line (start -2.46 1.25) (end 7.54 1.25) (layer F.Fab) (width 0.1))
    (fp_line (start -2.46 -3.15) (end -2.46 1.25) (layer F.Fab) (width 0.1))
    (pad 3 thru_hole oval (at 5.08 0) (size 1.905 2) (drill 1.1) (layers *.Cu *.Mask)
      (net 1 GND))
    (pad 2 thru_hole oval (at 2.54 0) (size 1.905 2) (drill 1.1) (layers *.Cu *.Mask)
      (net 20 PHASEA))
    (pad 1 thru_hole rect (at 0 0) (size 1.905 2) (drill 1.1) (layers *.Cu *.Mask)
      (net 46 "Net-(QA2-Pad1)"))
    (model ${KISYS3DMOD}/Package_TO_SOT_THT.3dshapes/TO-220-3_Vertical.wrl
      (at (xyz 0 0 0))
      (scale (xyz 1 1 1))
      (rotate (xyz 0 0 0))
    )
  )

  (module Resistor_SMD:R_0805_2012Metric (layer F.Cu) (tedit 5B36C52B) (tstamp 5FC16F98)
    (at 161.676 65.4985 270)
    (descr "Resistor SMD 0805 (2012 Metric), square (rectangular) end terminal, IPC_7351 nominal, (Body size source: https://docs.google.com/spreadsheets/d/1BsfQQcO9C6DZCsRaXUlFlo91Tg2WpOkGARC1WS5S8t0/edit?usp=sharing), generated with kicad-footprint-generator")
    (tags resistor)
    (path /5FEBD05F)
    (attr smd)
    (fp_text reference RA1 (at 0 -1.65 90) (layer F.SilkS)
      (effects (font (size 1 1) (thickness 0.15)))
    )
    (fp_text value 1M (at 0 1.65 90) (layer F.Fab)
      (effects (font (size 1 1) (thickness 0.15)))
    )
    (fp_line (start -1 0.6) (end -1 -0.6) (layer F.Fab) (width 0.1))
    (fp_line (start -1 -0.6) (end 1 -0.6) (layer F.Fab) (width 0.1))
    (fp_line (start 1 -0.6) (end 1 0.6) (layer F.Fab) (width 0.1))
    (fp_line (start 1 0.6) (end -1 0.6) (layer F.Fab) (width 0.1))
    (fp_line (start -0.258578 -0.71) (end 0.258578 -0.71) (layer F.SilkS) (width 0.12))
    (fp_line (start -0.258578 0.71) (end 0.258578 0.71) (layer F.SilkS) (width 0.12))
    (fp_line (start -1.68 0.95) (end -1.68 -0.95) (layer F.CrtYd) (width 0.05))
    (fp_line (start -1.68 -0.95) (end 1.68 -0.95) (layer F.CrtYd) (width 0.05))
    (fp_line (start 1.68 -0.95) (end 1.68 0.95) (layer F.CrtYd) (width 0.05))
    (fp_line (start 1.68 0.95) (end -1.68 0.95) (layer F.CrtYd) (width 0.05))
    (fp_text user %R (at 0 0 90) (layer F.Fab)
      (effects (font (size 0.5 0.5) (thickness 0.08)))
    )
    (pad 1 smd roundrect (at -0.9375 0 270) (size 0.975 1.4) (layers F.Cu F.Paste F.Mask) (roundrect_rratio 0.25)
      (net 1 GND))
    (pad 2 smd roundrect (at 0.9375 0 270) (size 0.975 1.4) (layers F.Cu F.Paste F.Mask) (roundrect_rratio 0.25)
      (net 24 AH))
    (model ${KISYS3DMOD}/Resistor_SMD.3dshapes/R_0805_2012Metric.wrl
      (at (xyz 0 0 0))
      (scale (xyz 1 1 1))
      (rotate (xyz 0 0 0))
    )
  )

  (module footprints:DO-214AC (layer F.Cu) (tedit 5FBEE6D5) (tstamp 5FC17268)
    (at 157.612 56.022)
    (path /5FCA5782)
    (attr smd)
    (fp_text reference DA3 (at -0.537 -2.022) (layer F.SilkS)
      (effects (font (size 1 1) (thickness 0.15)))
    )
    (fp_text value D (at 0 2.45) (layer F.Fab)
      (effects (font (size 1 1) (thickness 0.15)))
    )
    (fp_line (start -1.44018 -1.30048) (end -1.44018 1.30048) (layer F.Fab) (width 0.1))
    (fp_line (start -1.44018 1.30048) (end -1.36398 1.30048) (layer F.Fab) (width 0.1))
    (fp_line (start -1.36398 1.30048) (end -1.36144 -1.30048) (layer F.Fab) (width 0.1))
    (fp_line (start -1.36144 -1.30048) (end -1.44018 -1.30048) (layer F.Fab) (width 0.1))
    (fp_line (start -1.44018 1.40208) (end -1.44018 0.94234) (layer F.SilkS) (width 0.1))
    (fp_line (start -1.44018 0.94234) (end -1.36398 0.94234) (layer F.SilkS) (width 0.1))
    (fp_line (start -1.36398 0.94234) (end -1.36398 1.40208) (layer F.SilkS) (width 0.1))
    (fp_line (start -1.36398 1.40208) (end -1.44018 1.40208) (layer F.SilkS) (width 0.1))
    (fp_line (start -1.44018 -1.39954) (end -1.44018 -0.93472) (layer F.SilkS) (width 0.1))
    (fp_line (start -1.44018 -0.93472) (end -1.36398 -0.93472) (layer F.SilkS) (width 0.1))
    (fp_line (start -1.36398 -0.93472) (end -1.36398 -1.39954) (layer F.SilkS) (width 0.1))
    (fp_line (start -1.36398 -1.39954) (end -1.44018 -1.39954) (layer F.SilkS) (width 0.1))
    (fp_line (start -3.5 1.55) (end 3.5 1.55) (layer F.CrtYd) (width 0.05))
    (fp_line (start -3.5 -1.55) (end 3.5 -1.55) (layer F.CrtYd) (width 0.05))
    (fp_line (start 3.5 -1.55) (end 3.5 1.55) (layer F.CrtYd) (width 0.05))
    (fp_line (start -3.5 -1.55) (end -3.5 1.55) (layer F.CrtYd) (width 0.05))
    (fp_line (start 2.25 1.4) (end 1.85 1.4) (layer F.SilkS) (width 0.1))
    (fp_line (start 2.25 1.4) (end 2.25 1) (layer F.SilkS) (width 0.1))
    (fp_line (start -2.25 1.4) (end -1.85 1.4) (layer F.SilkS) (width 0.1))
    (fp_line (start -2.25 1.4) (end -2.25 1) (layer F.SilkS) (width 0.1))
    (fp_line (start -2.25 -1.4) (end -2.25 -1) (layer F.SilkS) (width 0.1))
    (fp_line (start -2.25 -1.4) (end -1.85 -1.4) (layer F.SilkS) (width 0.1))
    (fp_line (start 2.25 -1.4) (end 1.85 -1.4) (layer F.SilkS) (width 0.1))
    (fp_line (start 2.25 -1.4) (end 2.25 -1) (layer F.SilkS) (width 0.1))
    (fp_text user %R (at 0.40894 0) (layer F.Fab)
      (effects (font (size 0.75 0.75) (thickness 0.075)))
    )
    (fp_line (start -2.15 1.3) (end 2.15 1.3) (layer F.Fab) (width 0.1))
    (fp_line (start -2.15 -1.3) (end 2.15 -1.3) (layer F.Fab) (width 0.1))
    (fp_line (start 2.15 -1.3) (end 2.15 1.3) (layer F.Fab) (width 0.1))
    (fp_line (start -2.15 -1.3) (end -2.15 1.3) (layer F.Fab) (width 0.1))
    (pad 2 smd rect (at 2 0) (size 2.5 1.7) (layers F.Cu F.Paste F.Mask)
      (net 43 "Net-(DA3-Pad2)"))
    (pad 1 smd rect (at -2 0) (size 2.5 1.7) (layers F.Cu F.Paste F.Mask)
      (net 1 GND))
  )

  (module footprints:DO-214AB (layer F.Cu) (tedit 5FBEE6F2) (tstamp 5FC15B47)
    (at 132 56.665)
    (path /5FD6E132)
    (attr smd)
    (fp_text reference DA1 (at -0.1 0.175) (layer F.SilkS)
      (effects (font (size 1 1) (thickness 0.15)))
    )
    (fp_text value D_Schottky (at -0.04 4.07) (layer F.Fab)
      (effects (font (size 1 1) (thickness 0.15)))
    )
    (fp_line (start -3.2 3.1) (end -3.2 1.8) (layer F.SilkS) (width 0.1))
    (fp_line (start -3.3 3.1) (end -3.3 1.8) (layer F.SilkS) (width 0.1))
    (fp_line (start -3.4 3.1) (end -3.4 1.8) (layer F.SilkS) (width 0.1))
    (fp_line (start -3.5 3.1) (end -3.5 1.8) (layer F.SilkS) (width 0.1))
    (fp_line (start -3.2 -3.1) (end -3.2 -1.8) (layer F.SilkS) (width 0.1))
    (fp_line (start -3.3 -3.1) (end -3.3 -1.8) (layer F.SilkS) (width 0.1))
    (fp_line (start -3.4 -3.1) (end -3.4 -1.8) (layer F.SilkS) (width 0.1))
    (fp_line (start -3.5 -3.1) (end -3.5 -1.8) (layer F.SilkS) (width 0.1))
    (fp_line (start -3.5 -3) (end -3.5 3) (layer F.Fab) (width 0.1))
    (fp_line (start 3.5 -3) (end 3.5 3) (layer F.Fab) (width 0.1))
    (fp_line (start -3.5 -3) (end 3.5 -3) (layer F.Fab) (width 0.1))
    (fp_line (start -3.5 3) (end 3.5 3) (layer F.Fab) (width 0.1))
    (fp_text user %R (at 0 0) (layer F.Fab)
      (effects (font (size 1 1) (thickness 0.15)))
    )
    (fp_line (start 3.6 -3.1) (end 3.1 -3.1) (layer F.SilkS) (width 0.1))
    (fp_line (start 3.6 -3.1) (end 3.6 -2.6) (layer F.SilkS) (width 0.1))
    (fp_line (start -3.6 -3.1) (end -3.1 -3.1) (layer F.SilkS) (width 0.1))
    (fp_line (start -3.6 -3.1) (end -3.6 -1.8) (layer F.SilkS) (width 0.1))
    (fp_line (start -3.6 3.1) (end -3.1 3.1) (layer F.SilkS) (width 0.1))
    (fp_line (start -3.6 3.1) (end -3.6 1.8) (layer F.SilkS) (width 0.1))
    (fp_line (start 3.6 3.1) (end 3.6 2.6) (layer F.SilkS) (width 0.1))
    (fp_line (start 3.6 3.1) (end 3.1 3.1) (layer F.SilkS) (width 0.1))
    (fp_line (start 4.95 3.25) (end 4.95 -3.25) (layer F.CrtYd) (width 0.05))
    (fp_line (start -4.95 3.25) (end -4.95 -3.25) (layer F.CrtYd) (width 0.05))
    (fp_line (start -4.95 -3.25) (end 4.95 -3.25) (layer F.CrtYd) (width 0.05))
    (fp_line (start -4.95 3.25) (end 4.95 3.25) (layer F.CrtYd) (width 0.05))
    (fp_line (start -3.6 -1.8) (end -3.2 -1.8) (layer F.SilkS) (width 0.1))
    (fp_line (start -3.6 1.8) (end -3.2 1.8) (layer F.SilkS) (width 0.1))
    (pad 1 smd rect (at -3.45 0) (size 2.5 3.3) (layers F.Cu F.Paste F.Mask)
      (net 2 VCC))
    (pad 2 smd rect (at 3.45 0.01) (size 2.5 3.3) (layers F.Cu F.Paste F.Mask)
      (net 20 PHASEA))
  )

  (module Resistor_SMD:R_0805_2012Metric (layer F.Cu) (tedit 5B36C52B) (tstamp 5FC17322)
    (at 166.875 56.9625 270)
    (descr "Resistor SMD 0805 (2012 Metric), square (rectangular) end terminal, IPC_7351 nominal, (Body size source: https://docs.google.com/spreadsheets/d/1BsfQQcO9C6DZCsRaXUlFlo91Tg2WpOkGARC1WS5S8t0/edit?usp=sharing), generated with kicad-footprint-generator")
    (tags resistor)
    (path /5FD7CA9A)
    (attr smd)
    (fp_text reference RA10 (at -2.4875 -0.075 90) (layer F.SilkS)
      (effects (font (size 1 1) (thickness 0.15)))
    )
    (fp_text value 10k (at 0 1.65 90) (layer F.Fab)
      (effects (font (size 1 1) (thickness 0.15)))
    )
    (fp_text user %R (at 0 0 90) (layer F.Fab)
      (effects (font (size 0.5 0.5) (thickness 0.08)))
    )
    (fp_line (start 1.68 0.95) (end -1.68 0.95) (layer F.CrtYd) (width 0.05))
    (fp_line (start 1.68 -0.95) (end 1.68 0.95) (layer F.CrtYd) (width 0.05))
    (fp_line (start -1.68 -0.95) (end 1.68 -0.95) (layer F.CrtYd) (width 0.05))
    (fp_line (start -1.68 0.95) (end -1.68 -0.95) (layer F.CrtYd) (width 0.05))
    (fp_line (start -0.258578 0.71) (end 0.258578 0.71) (layer F.SilkS) (width 0.12))
    (fp_line (start -0.258578 -0.71) (end 0.258578 -0.71) (layer F.SilkS) (width 0.12))
    (fp_line (start 1 0.6) (end -1 0.6) (layer F.Fab) (width 0.1))
    (fp_line (start 1 -0.6) (end 1 0.6) (layer F.Fab) (width 0.1))
    (fp_line (start -1 -0.6) (end 1 -0.6) (layer F.Fab) (width 0.1))
    (fp_line (start -1 0.6) (end -1 -0.6) (layer F.Fab) (width 0.1))
    (pad 2 smd roundrect (at 0.9375 0 270) (size 0.975 1.4) (layers F.Cu F.Paste F.Mask) (roundrect_rratio 0.25)
      (net 52 "Net-(RA10-Pad2)"))
    (pad 1 smd roundrect (at -0.9375 0 270) (size 0.975 1.4) (layers F.Cu F.Paste F.Mask) (roundrect_rratio 0.25)
      (net 49 "Net-(RA10-Pad1)"))
    (model ${KISYS3DMOD}/Resistor_SMD.3dshapes/R_0805_2012Metric.wrl
      (at (xyz 0 0 0))
      (scale (xyz 1 1 1))
      (rotate (xyz 0 0 0))
    )
  )

  (module Capacitor_SMD:C_0805_2012Metric (layer F.Cu) (tedit 5B36C52B) (tstamp 5FC174EA)
    (at 176.4865 66.182)
    (descr "Capacitor SMD 0805 (2012 Metric), square (rectangular) end terminal, IPC_7351 nominal, (Body size source: https://docs.google.com/spreadsheets/d/1BsfQQcO9C6DZCsRaXUlFlo91Tg2WpOkGARC1WS5S8t0/edit?usp=sharing), generated with kicad-footprint-generator")
    (tags capacitor)
    (path /60713433)
    (attr smd)
    (fp_text reference CA2 (at 3.3635 0.168) (layer F.SilkS)
      (effects (font (size 1 1) (thickness 0.15)))
    )
    (fp_text value .1uF (at 0 1.65) (layer F.Fab)
      (effects (font (size 1 1) (thickness 0.15)))
    )
    (fp_text user %R (at 0 0) (layer F.Fab)
      (effects (font (size 0.5 0.5) (thickness 0.08)))
    )
    (fp_line (start 1.68 0.95) (end -1.68 0.95) (layer F.CrtYd) (width 0.05))
    (fp_line (start 1.68 -0.95) (end 1.68 0.95) (layer F.CrtYd) (width 0.05))
    (fp_line (start -1.68 -0.95) (end 1.68 -0.95) (layer F.CrtYd) (width 0.05))
    (fp_line (start -1.68 0.95) (end -1.68 -0.95) (layer F.CrtYd) (width 0.05))
    (fp_line (start -0.258578 0.71) (end 0.258578 0.71) (layer F.SilkS) (width 0.12))
    (fp_line (start -0.258578 -0.71) (end 0.258578 -0.71) (layer F.SilkS) (width 0.12))
    (fp_line (start 1 0.6) (end -1 0.6) (layer F.Fab) (width 0.1))
    (fp_line (start 1 -0.6) (end 1 0.6) (layer F.Fab) (width 0.1))
    (fp_line (start -1 -0.6) (end 1 -0.6) (layer F.Fab) (width 0.1))
    (fp_line (start -1 0.6) (end -1 -0.6) (layer F.Fab) (width 0.1))
    (pad 2 smd roundrect (at 0.9375 0) (size 0.975 1.4) (layers F.Cu F.Paste F.Mask) (roundrect_rratio 0.25)
      (net 1 GND))
    (pad 1 smd roundrect (at -0.9375 0) (size 0.975 1.4) (layers F.Cu F.Paste F.Mask) (roundrect_rratio 0.25)
      (net 60 VDD))
    (model ${KISYS3DMOD}/Capacitor_SMD.3dshapes/C_0805_2012Metric.wrl
      (at (xyz 0 0 0))
      (scale (xyz 1 1 1))
      (rotate (xyz 0 0 0))
    )
  )

  (module Resistor_SMD:R_0805_2012Metric (layer F.Cu) (tedit 5B36C52B) (tstamp 5FC1751A)
    (at 149.9135 64.15 180)
    (descr "Resistor SMD 0805 (2012 Metric), square (rectangular) end terminal, IPC_7351 nominal, (Body size source: https://docs.google.com/spreadsheets/d/1BsfQQcO9C6DZCsRaXUlFlo91Tg2WpOkGARC1WS5S8t0/edit?usp=sharing), generated with kicad-footprint-generator")
    (tags resistor)
    (path /5FE8751C)
    (attr smd)
    (fp_text reference RA5 (at 3.3805 -0.254) (layer F.SilkS)
      (effects (font (size 1 1) (thickness 0.15)))
    )
    (fp_text value 100k (at 0 1.65) (layer F.Fab)
      (effects (font (size 1 1) (thickness 0.15)))
    )
    (fp_text user %R (at 0 0) (layer F.Fab)
      (effects (font (size 0.5 0.5) (thickness 0.08)))
    )
    (fp_line (start 1.68 0.95) (end -1.68 0.95) (layer F.CrtYd) (width 0.05))
    (fp_line (start 1.68 -0.95) (end 1.68 0.95) (layer F.CrtYd) (width 0.05))
    (fp_line (start -1.68 -0.95) (end 1.68 -0.95) (layer F.CrtYd) (width 0.05))
    (fp_line (start -1.68 0.95) (end -1.68 -0.95) (layer F.CrtYd) (width 0.05))
    (fp_line (start -0.258578 0.71) (end 0.258578 0.71) (layer F.SilkS) (width 0.12))
    (fp_line (start -0.258578 -0.71) (end 0.258578 -0.71) (layer F.SilkS) (width 0.12))
    (fp_line (start 1 0.6) (end -1 0.6) (layer F.Fab) (width 0.1))
    (fp_line (start 1 -0.6) (end 1 0.6) (layer F.Fab) (width 0.1))
    (fp_line (start -1 -0.6) (end 1 -0.6) (layer F.Fab) (width 0.1))
    (fp_line (start -1 0.6) (end -1 -0.6) (layer F.Fab) (width 0.1))
    (pad 2 smd roundrect (at 0.9375 0 180) (size 0.975 1.4) (layers F.Cu F.Paste F.Mask) (roundrect_rratio 0.25)
      (net 45 "Net-(QA1-Pad1)"))
    (pad 1 smd roundrect (at -0.9375 0 180) (size 0.975 1.4) (layers F.Cu F.Paste F.Mask) (roundrect_rratio 0.25)
      (net 2 VCC))
    (model ${KISYS3DMOD}/Resistor_SMD.3dshapes/R_0805_2012Metric.wrl
      (at (xyz 0 0 0))
      (scale (xyz 1 1 1))
      (rotate (xyz 0 0 0))
    )
  )

  (module Resistor_SMD:R_0805_2012Metric (layer F.Cu) (tedit 5B36C52B) (tstamp 5FC173A6)
    (at 176.4865 61.224)
    (descr "Resistor SMD 0805 (2012 Metric), square (rectangular) end terminal, IPC_7351 nominal, (Body size source: https://docs.google.com/spreadsheets/d/1BsfQQcO9C6DZCsRaXUlFlo91Tg2WpOkGARC1WS5S8t0/edit?usp=sharing), generated with kicad-footprint-generator")
    (tags resistor)
    (path /5FED2E3F)
    (attr smd)
    (fp_text reference RA19 (at 0 -1.65) (layer F.SilkS)
      (effects (font (size 1 1) (thickness 0.15)))
    )
    (fp_text value 100k (at 0 1.65) (layer F.Fab)
      (effects (font (size 1 1) (thickness 0.15)))
    )
    (fp_line (start -1 0.6) (end -1 -0.6) (layer F.Fab) (width 0.1))
    (fp_line (start -1 -0.6) (end 1 -0.6) (layer F.Fab) (width 0.1))
    (fp_line (start 1 -0.6) (end 1 0.6) (layer F.Fab) (width 0.1))
    (fp_line (start 1 0.6) (end -1 0.6) (layer F.Fab) (width 0.1))
    (fp_line (start -0.258578 -0.71) (end 0.258578 -0.71) (layer F.SilkS) (width 0.12))
    (fp_line (start -0.258578 0.71) (end 0.258578 0.71) (layer F.SilkS) (width 0.12))
    (fp_line (start -1.68 0.95) (end -1.68 -0.95) (layer F.CrtYd) (width 0.05))
    (fp_line (start -1.68 -0.95) (end 1.68 -0.95) (layer F.CrtYd) (width 0.05))
    (fp_line (start 1.68 -0.95) (end 1.68 0.95) (layer F.CrtYd) (width 0.05))
    (fp_line (start 1.68 0.95) (end -1.68 0.95) (layer F.CrtYd) (width 0.05))
    (fp_text user %R (at 0 0) (layer F.Fab)
      (effects (font (size 0.5 0.5) (thickness 0.08)))
    )
    (pad 1 smd roundrect (at -0.9375 0) (size 0.975 1.4) (layers F.Cu F.Paste F.Mask) (roundrect_rratio 0.25)
      (net 56 "Net-(RA14-Pad1)"))
    (pad 2 smd roundrect (at 0.9375 0) (size 0.975 1.4) (layers F.Cu F.Paste F.Mask) (roundrect_rratio 0.25)
      (net 33 AHS))
    (model ${KISYS3DMOD}/Resistor_SMD.3dshapes/R_0805_2012Metric.wrl
      (at (xyz 0 0 0))
      (scale (xyz 1 1 1))
      (rotate (xyz 0 0 0))
    )
  )

  (module Resistor_SMD:R_0805_2012Metric (layer F.Cu) (tedit 5B36C52B) (tstamp 5FC173D9)
    (at 166.137 66.349)
    (descr "Resistor SMD 0805 (2012 Metric), square (rectangular) end terminal, IPC_7351 nominal, (Body size source: https://docs.google.com/spreadsheets/d/1BsfQQcO9C6DZCsRaXUlFlo91Tg2WpOkGARC1WS5S8t0/edit?usp=sharing), generated with kicad-footprint-generator")
    (tags resistor)
    (path /5FF23A85)
    (attr smd)
    (fp_text reference RA13 (at 0.365 -0.167) (layer F.SilkS)
      (effects (font (size 1 1) (thickness 0.15)))
    )
    (fp_text value 10M (at 0 1.65) (layer F.Fab)
      (effects (font (size 1 1) (thickness 0.15)))
    )
    (fp_line (start -1 0.6) (end -1 -0.6) (layer F.Fab) (width 0.1))
    (fp_line (start -1 -0.6) (end 1 -0.6) (layer F.Fab) (width 0.1))
    (fp_line (start 1 -0.6) (end 1 0.6) (layer F.Fab) (width 0.1))
    (fp_line (start 1 0.6) (end -1 0.6) (layer F.Fab) (width 0.1))
    (fp_line (start -0.258578 -0.71) (end 0.258578 -0.71) (layer F.SilkS) (width 0.12))
    (fp_line (start -0.258578 0.71) (end 0.258578 0.71) (layer F.SilkS) (width 0.12))
    (fp_line (start -1.68 0.95) (end -1.68 -0.95) (layer F.CrtYd) (width 0.05))
    (fp_line (start -1.68 -0.95) (end 1.68 -0.95) (layer F.CrtYd) (width 0.05))
    (fp_line (start 1.68 -0.95) (end 1.68 0.95) (layer F.CrtYd) (width 0.05))
    (fp_line (start 1.68 0.95) (end -1.68 0.95) (layer F.CrtYd) (width 0.05))
    (fp_text user %R (at 0 0) (layer F.Fab)
      (effects (font (size 0.5 0.5) (thickness 0.08)))
    )
    (pad 1 smd roundrect (at -0.9375 0) (size 0.975 1.4) (layers F.Cu F.Paste F.Mask) (roundrect_rratio 0.25)
      (net 55 "Net-(RA13-Pad1)"))
    (pad 2 smd roundrect (at 0.9375 0) (size 0.975 1.4) (layers F.Cu F.Paste F.Mask) (roundrect_rratio 0.25)
      (net 54 "Net-(RA12-Pad2)"))
    (model ${KISYS3DMOD}/Resistor_SMD.3dshapes/R_0805_2012Metric.wrl
      (at (xyz 0 0 0))
      (scale (xyz 1 1 1))
      (rotate (xyz 0 0 0))
    )
  )

  (module Resistor_SMD:R_0805_2012Metric (layer F.Cu) (tedit 5B36C52B) (tstamp 5FC1714B)
    (at 176.4865 63.642 180)
    (descr "Resistor SMD 0805 (2012 Metric), square (rectangular) end terminal, IPC_7351 nominal, (Body size source: https://docs.google.com/spreadsheets/d/1BsfQQcO9C6DZCsRaXUlFlo91Tg2WpOkGARC1WS5S8t0/edit?usp=sharing), generated with kicad-footprint-generator")
    (tags resistor)
    (path /5FEE4BD2)
    (attr smd)
    (fp_text reference RA15 (at -3.5135 -0.058) (layer F.SilkS)
      (effects (font (size 1 1) (thickness 0.15)))
    )
    (fp_text value 10k (at 0 1.65) (layer F.Fab)
      (effects (font (size 1 1) (thickness 0.15)))
    )
    (fp_text user %R (at 0 0) (layer F.Fab)
      (effects (font (size 0.5 0.5) (thickness 0.08)))
    )
    (fp_line (start 1.68 0.95) (end -1.68 0.95) (layer F.CrtYd) (width 0.05))
    (fp_line (start 1.68 -0.95) (end 1.68 0.95) (layer F.CrtYd) (width 0.05))
    (fp_line (start -1.68 -0.95) (end 1.68 -0.95) (layer F.CrtYd) (width 0.05))
    (fp_line (start -1.68 0.95) (end -1.68 -0.95) (layer F.CrtYd) (width 0.05))
    (fp_line (start -0.258578 0.71) (end 0.258578 0.71) (layer F.SilkS) (width 0.12))
    (fp_line (start -0.258578 -0.71) (end 0.258578 -0.71) (layer F.SilkS) (width 0.12))
    (fp_line (start 1 0.6) (end -1 0.6) (layer F.Fab) (width 0.1))
    (fp_line (start 1 -0.6) (end 1 0.6) (layer F.Fab) (width 0.1))
    (fp_line (start -1 -0.6) (end 1 -0.6) (layer F.Fab) (width 0.1))
    (fp_line (start -1 0.6) (end -1 -0.6) (layer F.Fab) (width 0.1))
    (pad 2 smd roundrect (at 0.9375 0 180) (size 0.975 1.4) (layers F.Cu F.Paste F.Mask) (roundrect_rratio 0.25)
      (net 56 "Net-(RA14-Pad1)"))
    (pad 1 smd roundrect (at -0.9375 0 180) (size 0.975 1.4) (layers F.Cu F.Paste F.Mask) (roundrect_rratio 0.25)
      (net 59 +5VD))
    (model ${KISYS3DMOD}/Resistor_SMD.3dshapes/R_0805_2012Metric.wrl
      (at (xyz 0 0 0))
      (scale (xyz 1 1 1))
      (rotate (xyz 0 0 0))
    )
  )

  (module Package_TO_SOT_THT:TO-220-3_Vertical (layer F.Cu) (tedit 5AC8BA0D) (tstamp 5FC17184)
    (at 136.258 61.544 180)
    (descr "TO-220-3, Vertical, RM 2.54mm, see https://www.vishay.com/docs/66542/to-220-1.pdf")
    (tags "TO-220-3 Vertical RM 2.54mm")
    (path /60A1A5BA)
    (fp_text reference QA1 (at 2.05 -2.65) (layer F.SilkS)
      (effects (font (size 1 1) (thickness 0.15)))
    )
    (fp_text value pFET (at 2.54 2.5) (layer F.Fab)
      (effects (font (size 1 1) (thickness 0.15)))
    )
    (fp_text user %R (at 2.54 -4.27) (layer F.Fab)
      (effects (font (size 1 1) (thickness 0.15)))
    )
    (fp_line (start 7.79 -3.4) (end -2.71 -3.4) (layer F.CrtYd) (width 0.05))
    (fp_line (start 7.79 1.51) (end 7.79 -3.4) (layer F.CrtYd) (width 0.05))
    (fp_line (start -2.71 1.51) (end 7.79 1.51) (layer F.CrtYd) (width 0.05))
    (fp_line (start -2.71 -3.4) (end -2.71 1.51) (layer F.CrtYd) (width 0.05))
    (fp_line (start 4.391 -3.27) (end 4.391 -1.76) (layer F.SilkS) (width 0.12))
    (fp_line (start 0.69 -3.27) (end 0.69 -1.76) (layer F.SilkS) (width 0.12))
    (fp_line (start -2.58 -1.76) (end 7.66 -1.76) (layer F.SilkS) (width 0.12))
    (fp_line (start 7.66 -3.27) (end 7.66 1.371) (layer F.SilkS) (width 0.12))
    (fp_line (start -2.58 -3.27) (end -2.58 1.371) (layer F.SilkS) (width 0.12))
    (fp_line (start -2.58 1.371) (end 7.66 1.371) (layer F.SilkS) (width 0.12))
    (fp_line (start -2.58 -3.27) (end 7.66 -3.27) (layer F.SilkS) (width 0.12))
    (fp_line (start 4.39 -3.15) (end 4.39 -1.88) (layer F.Fab) (width 0.1))
    (fp_line (start 0.69 -3.15) (end 0.69 -1.88) (layer F.Fab) (width 0.1))
    (fp_line (start -2.46 -1.88) (end 7.54 -1.88) (layer F.Fab) (width 0.1))
    (fp_line (start 7.54 -3.15) (end -2.46 -3.15) (layer F.Fab) (width 0.1))
    (fp_line (start 7.54 1.25) (end 7.54 -3.15) (layer F.Fab) (width 0.1))
    (fp_line (start -2.46 1.25) (end 7.54 1.25) (layer F.Fab) (width 0.1))
    (fp_line (start -2.46 -3.15) (end -2.46 1.25) (layer F.Fab) (width 0.1))
    (pad 3 thru_hole oval (at 5.08 0 180) (size 1.905 2) (drill 1.1) (layers *.Cu *.Mask)
      (net 2 VCC))
    (pad 2 thru_hole oval (at 2.54 0 180) (size 1.905 2) (drill 1.1) (layers *.Cu *.Mask)
      (net 20 PHASEA))
    (pad 1 thru_hole rect (at 0 0 180) (size 1.905 2) (drill 1.1) (layers *.Cu *.Mask)
      (net 45 "Net-(QA1-Pad1)"))
    (model ${KISYS3DMOD}/Package_TO_SOT_THT.3dshapes/TO-220-3_Vertical.wrl
      (at (xyz 0 0 0))
      (scale (xyz 1 1 1))
      (rotate (xyz 0 0 0))
    )
  )

  (module footprints:DO-214AC (layer F.Cu) (tedit 5FBEE6D5) (tstamp 5FC17439)
    (at 160.5 74.4 180)
    (path /601996CA)
    (attr smd)
    (fp_text reference DA4 (at 6.572 0.508) (layer F.SilkS)
      (effects (font (size 1 1) (thickness 0.15)))
    )
    (fp_text value D (at 0 2.45) (layer F.Fab)
      (effects (font (size 1 1) (thickness 0.15)))
    )
    (fp_line (start -2.15 -1.3) (end -2.15 1.3) (layer F.Fab) (width 0.1))
    (fp_line (start 2.15 -1.3) (end 2.15 1.3) (layer F.Fab) (width 0.1))
    (fp_line (start -2.15 -1.3) (end 2.15 -1.3) (layer F.Fab) (width 0.1))
    (fp_line (start -2.15 1.3) (end 2.15 1.3) (layer F.Fab) (width 0.1))
    (fp_text user %R (at 0.40894 0) (layer F.Fab)
      (effects (font (size 0.75 0.75) (thickness 0.075)))
    )
    (fp_line (start 2.25 -1.4) (end 2.25 -1) (layer F.SilkS) (width 0.1))
    (fp_line (start 2.25 -1.4) (end 1.85 -1.4) (layer F.SilkS) (width 0.1))
    (fp_line (start -2.25 -1.4) (end -1.85 -1.4) (layer F.SilkS) (width 0.1))
    (fp_line (start -2.25 -1.4) (end -2.25 -1) (layer F.SilkS) (width 0.1))
    (fp_line (start -2.25 1.4) (end -2.25 1) (layer F.SilkS) (width 0.1))
    (fp_line (start -2.25 1.4) (end -1.85 1.4) (layer F.SilkS) (width 0.1))
    (fp_line (start 2.25 1.4) (end 2.25 1) (layer F.SilkS) (width 0.1))
    (fp_line (start 2.25 1.4) (end 1.85 1.4) (layer F.SilkS) (width 0.1))
    (fp_line (start -3.5 -1.55) (end -3.5 1.55) (layer F.CrtYd) (width 0.05))
    (fp_line (start 3.5 -1.55) (end 3.5 1.55) (layer F.CrtYd) (width 0.05))
    (fp_line (start -3.5 -1.55) (end 3.5 -1.55) (layer F.CrtYd) (width 0.05))
    (fp_line (start -3.5 1.55) (end 3.5 1.55) (layer F.CrtYd) (width 0.05))
    (fp_line (start -1.36398 -1.39954) (end -1.44018 -1.39954) (layer F.SilkS) (width 0.1))
    (fp_line (start -1.36398 -0.93472) (end -1.36398 -1.39954) (layer F.SilkS) (width 0.1))
    (fp_line (start -1.44018 -0.93472) (end -1.36398 -0.93472) (layer F.SilkS) (width 0.1))
    (fp_line (start -1.44018 -1.39954) (end -1.44018 -0.93472) (layer F.SilkS) (width 0.1))
    (fp_line (start -1.36398 1.40208) (end -1.44018 1.40208) (layer F.SilkS) (width 0.1))
    (fp_line (start -1.36398 0.94234) (end -1.36398 1.40208) (layer F.SilkS) (width 0.1))
    (fp_line (start -1.44018 0.94234) (end -1.36398 0.94234) (layer F.SilkS) (width 0.1))
    (fp_line (start -1.44018 1.40208) (end -1.44018 0.94234) (layer F.SilkS) (width 0.1))
    (fp_line (start -1.36144 -1.30048) (end -1.44018 -1.30048) (layer F.Fab) (width 0.1))
    (fp_line (start -1.36398 1.30048) (end -1.36144 -1.30048) (layer F.Fab) (width 0.1))
    (fp_line (start -1.44018 1.30048) (end -1.36398 1.30048) (layer F.Fab) (width 0.1))
    (fp_line (start -1.44018 -1.30048) (end -1.44018 1.30048) (layer F.Fab) (width 0.1))
    (pad 1 smd rect (at -2 0 180) (size 2.5 1.7) (layers F.Cu F.Paste F.Mask)
      (net 44 "Net-(DA4-Pad1)"))
    (pad 2 smd rect (at 2 0 180) (size 2.5 1.7) (layers F.Cu F.Paste F.Mask)
      (net 2 VCC))
  )

  (module Resistor_SMD:R_0805_2012Metric (layer F.Cu) (tedit 5B36C52B) (tstamp 5FC16F11)
    (at 151.516 61.356)
    (descr "Resistor SMD 0805 (2012 Metric), square (rectangular) end terminal, IPC_7351 nominal, (Body size source: https://docs.google.com/spreadsheets/d/1BsfQQcO9C6DZCsRaXUlFlo91Tg2WpOkGARC1WS5S8t0/edit?usp=sharing), generated with kicad-footprint-generator")
    (tags resistor)
    (path /5FFC876C)
    (attr smd)
    (fp_text reference RA4 (at -3.016 0.069) (layer F.SilkS)
      (effects (font (size 1 1) (thickness 0.15)))
    )
    (fp_text value 20 (at 0 1.65) (layer F.Fab)
      (effects (font (size 1 1) (thickness 0.15)))
    )
    (fp_text user %R (at 0 0) (layer F.Fab)
      (effects (font (size 0.5 0.5) (thickness 0.08)))
    )
    (fp_line (start 1.68 0.95) (end -1.68 0.95) (layer F.CrtYd) (width 0.05))
    (fp_line (start 1.68 -0.95) (end 1.68 0.95) (layer F.CrtYd) (width 0.05))
    (fp_line (start -1.68 -0.95) (end 1.68 -0.95) (layer F.CrtYd) (width 0.05))
    (fp_line (start -1.68 0.95) (end -1.68 -0.95) (layer F.CrtYd) (width 0.05))
    (fp_line (start -0.258578 0.71) (end 0.258578 0.71) (layer F.SilkS) (width 0.12))
    (fp_line (start -0.258578 -0.71) (end 0.258578 -0.71) (layer F.SilkS) (width 0.12))
    (fp_line (start 1 0.6) (end -1 0.6) (layer F.Fab) (width 0.1))
    (fp_line (start 1 -0.6) (end 1 0.6) (layer F.Fab) (width 0.1))
    (fp_line (start -1 -0.6) (end 1 -0.6) (layer F.Fab) (width 0.1))
    (fp_line (start -1 0.6) (end -1 -0.6) (layer F.Fab) (width 0.1))
    (pad 2 smd roundrect (at 0.9375 0) (size 0.975 1.4) (layers F.Cu F.Paste F.Mask) (roundrect_rratio 0.25)
      (net 48 "Net-(RA4-Pad2)"))
    (pad 1 smd roundrect (at -0.9375 0) (size 0.975 1.4) (layers F.Cu F.Paste F.Mask) (roundrect_rratio 0.25)
      (net 46 "Net-(QA2-Pad1)"))
    (model ${KISYS3DMOD}/Resistor_SMD.3dshapes/R_0805_2012Metric.wrl
      (at (xyz 0 0 0))
      (scale (xyz 1 1 1))
      (rotate (xyz 0 0 0))
    )
  )

  (module Resistor_SMD:R_0805_2012Metric (layer F.Cu) (tedit 5B36C52B) (tstamp 5FC16F41)
